720	179.5 
719	177.5 
718	175.6 
717	173.8 
716	172.1 
715	170.5 
714	168.9 
713	167.4 
712	165.9 
711	164.5 
710	163.1 
709	161.8 
708	160.6 
707	159.4 
706	158.2 
705	157.1 
704	155.9 
703	154.9 
702	153.8 
701	152.8 
700	151.9 
699	150.9 
698	150.0 
697	149.1 
696	148.2 
695	147.4 
694	146.6 
693	145.7 
692	145.0 
691	144.2 
690	143.4 
689	142.7 
688	142.0 
687	141.3 
686	140.6 
685	140.0 
684	139.3 
683	138.7 
682	138.1 
681	137.5 
680	136.9 
679	136.3 
678	135.7 
677	135.1 
676	134.6 
675	134.0 
674	133.5 
673	133.0 
672	132.5 
671	132.0 
670	131.5 
669	131.0 
668	130.5 
667	130.1 
666	129.6 
665	129.2 
664	128.7 
663	128.3 
662	127.9 
661	127.4 
660	127.0 
659	126.6 
658	126.2 
657	125.8 
656	125.4 
655	125.1 
654	124.7 
653	124.3 
652	124.0 
651	123.6 
650	123.2 
649	122.9 
648	122.5 
647	122.2 
646	121.9 
645	121.5 
644	121.2 
643	120.9 
642	120.6 
641	120.3 
640	120.0 
639	119.7 
638	119.4 
637	119.1 
636	118.8 
635	118.5 
634	118.2 
633	117.9 
632	117.6 
631	117.4 
630	117.1 
629	116.8 
628	116.5 
627	116.3 
626	116.0 
625	115.8 
624	115.5 
623	115.3 
622	115.0 
621	114.8 
620	114.5 
619	114.3 
618	114.1 
617	113.8 
616	113.6 
615	113.4 
614	113.1 
613	112.9 
612	112.7 
611	112.5 
610	112.3 
609	112.0 
608	111.8 
607	111.6 
606	111.4 
605	111.2 
604	111.0 
603	110.8 
602	110.6 
601	110.4 
600	110.2 
599	110.0 
598	109.8 
597	109.6 
596	109.4 
595	109.2 
594	109.1 
593	108.9 
592	108.7 
591	108.5 
590	108.3 
589	108.2 
588	108.0 
587	107.8 
586	107.6 
585	107.5 
584	107.3 
583	107.1 
582	107.0 
581	106.8 
580	106.6 
579	106.5 
578	106.3 
577	106.1 
576	106.0 
575	105.8 
574	105.7 
573	105.5 
572	105.4 
571	105.2 
570	105.1 
569	104.9 
568	104.8 
567	104.6 
566	104.5 
565	104.3 
564	104.2 
563	104.0 
562	103.9 
561	103.8 
560	103.6 
559	103.5 
558	103.3 
557	103.2 
556	103.1 
555	102.9 
554	102.8 
553	102.7 
552	102.5 
551	102.4 
550	102.3 
549	102.2 
548	102.0 
547	101.9 
546	101.8 
545	101.7 
544	101.5 
543	101.4 
542	101.3 
541	101.2 
540	101.0 
539	100.9 
538	100.8 
537	100.7 
536	100.6 
535	100.5 
534	100.3 
533	100.2 
532	100.1 
531	100.0 
530	99.9 
529	99.8 
528	99.7 
527	99.5 
526	99.4 
525	99.3 
524	99.2 
523	99.1 
522	99.0 
521	98.9 
520	98.8 
519	98.7 
518	98.6 
517	98.5 
516	98.4 
515	98.3 
514	98.2 
513	98.1 
512	98.0 
511	97.9 
510	97.8 
509	97.7 
508	97.6 
507	97.5 
506	97.4 
505	97.3 
504	97.2 
503	97.1 
502	97.0 
501	96.9 
500	96.8 

