720	159.4 
719	158.5 
718	157.5 
717	156.6 
716	155.7 
715	154.9 
714	154.1 
713	153.3 
712	152.5 
711	151.7 
710	151.0 
709	150.2 
708	149.5 
707	148.9 
706	148.2 
705	147.5 
704	146.9 
703	146.3 
702	145.7 
701	145.1 
700	144.5 
699	143.9 
698	143.3 
697	142.8 
696	142.2 
695	141.7 
694	141.2 
693	140.7 
692	140.2 
691	139.7 
690	139.2 
689	138.7 
688	138.3 
687	137.8 
686	137.4 
685	136.9 
684	136.5 
683	136.1 
682	135.6 
681	135.2 
680	134.8 
679	134.4 
678	134.0 
677	133.6 
676	133.2 
675	132.9 
674	132.5 
673	132.1 
672	131.7 
671	131.4 
670	131.0 
669	130.7 
668	130.3 
667	130.0 
666	129.6 
665	129.3 
664	129.0 
663	128.7 
662	128.3 
661	128.0 
660	127.7 
659	127.4 
658	127.1 
657	126.8 
656	126.5 
655	126.2 
654	125.9 
653	125.6 
652	125.3 
651	125.0 
650	124.8 
649	124.5 
648	124.2 
647	123.9 
646	123.7 
645	123.4 
644	123.1 
643	122.9 
642	122.6 
641	122.3 
640	122.1 
639	121.8 
638	121.6 
637	121.3 
636	121.1 
635	120.9 
634	120.6 
633	120.4 
632	120.1 
631	119.9 
630	119.7 
629	119.4 
628	119.2 
627	119.0 
626	118.8 
625	118.5 
624	118.3 
623	118.1 
622	117.9 
621	117.7 
620	117.5 
619	117.3 
618	117.0 
617	116.8 
616	116.6 
615	116.4 
614	116.2 
613	116.0 
612	115.8 
611	115.6 
610	115.4 
609	115.2 
608	115.0 
607	114.8 
606	114.7 
605	114.5 
604	114.3 
603	114.1 
602	113.9 
601	113.7 
600	113.5 
599	113.3 
598	113.2 
597	113.0 
596	112.8 
595	112.6 
594	112.5 
593	112.3 
592	112.1 
591	111.9 
590	111.8 
589	111.6 
588	111.4 
587	111.3 
586	111.1 
585	110.9 
584	110.8 
583	110.6 
582	110.4 
581	110.3 
580	110.1 
579	110.0 
578	109.8 
577	109.6 
576	109.5 
575	109.3 
574	109.2 
573	109.0 
572	108.9 
571	108.7 
570	108.6 
569	108.4 
568	108.3 
567	108.1 
566	108.0 
565	107.8 
564	107.7 
563	107.5 
562	107.4 
561	107.2 
560	107.1 
559	107.0 
558	106.8 
557	106.7 
556	106.5 
555	106.4 
554	106.3 
553	106.1 
552	106.0 
551	105.8 
550	105.7 
549	105.6 
548	105.4 
547	105.3 
546	105.2 
545	105.0 
544	104.9 
543	104.8 
542	104.6 
541	104.5 
540	104.4 
539	104.3 
538	104.1 
537	104.0 
536	103.9 
535	103.8 
534	103.6 
533	103.5 
532	103.4 
531	103.3 
530	103.1 
529	103.0 
528	102.9 
527	102.8 
526	102.7 
525	102.5 
524	102.4 
523	102.3 
522	102.2 
521	102.1 
520	101.9 
519	101.8 
518	101.7 
517	101.6 
516	101.5 
515	101.4 
514	101.3 
513	101.1 
512	101.0 
511	100.9 
510	100.8 
509	100.7 
508	100.6 
507	100.5 
506	100.4 
505	100.3 
504	100.1 
503	100.0 
502	99.9 
501	99.8 
500	99.7 

