720	157.8 
719	156.6 
718	155.4 
717	154.3 
716	153.2 
715	152.1 
714	151.1 
713	150.2 
712	149.2 
711	148.3 
710	147.5 
709	146.6 
708	145.8 
707	145.0 
706	144.2 
705	143.5 
704	142.7 
703	142.0 
702	141.4 
701	140.7 
700	140.0 
699	139.4 
698	138.8 
697	138.2 
696	137.6 
695	137.0 
694	136.4 
693	135.9 
692	135.4 
691	134.8 
690	134.3 
689	133.8 
688	133.3 
687	132.9 
686	132.4 
685	131.9 
684	131.5 
683	131.0 
682	130.6 
681	130.2 
680	129.7 
679	129.3 
678	128.9 
677	128.5 
676	128.1 
675	127.8 
674	127.4 
673	127.0 
672	126.6 
671	126.3 
670	125.9 
669	125.6 
668	125.3 
667	124.9 
666	124.6 
665	124.3 
664	123.9 
663	123.6 
662	123.3 
661	123.0 
660	122.7 
659	122.4 
658	122.1 
657	121.8 
656	121.5 
655	121.3 
654	121.0 
653	120.7 
652	120.4 
651	120.2 
650	119.9 
649	119.7 
648	119.4 
647	119.1 
646	118.9 
645	118.6 
644	118.4 
643	118.2 
642	117.9 
641	117.7 
640	117.5 
639	117.2 
638	117.0 
637	116.8 
636	116.6 
635	116.3 
634	116.1 
633	115.9 
632	115.7 
631	115.5 
630	115.3 
629	115.1 
628	114.9 
627	114.7 
626	114.5 
625	114.3 
624	114.1 
623	113.9 
622	113.7 
621	113.5 
620	113.3 
619	113.1 
618	113.0 
617	112.8 
616	112.6 
615	112.4 
614	112.2 
613	112.1 
612	111.9 
611	111.7 
610	111.6 
609	111.4 
608	111.2 
607	111.1 
606	110.9 
605	110.7 
604	110.6 
603	110.4 
602	110.3 
601	110.1 
600	109.9 
599	109.8 
598	109.6 
597	109.5 
596	109.3 
595	109.2 
594	109.0 
593	108.9 
592	108.7 
591	108.6 
590	108.5 
589	108.3 
588	108.2 
587	108.0 
586	107.9 
585	107.8 
584	107.6 
583	107.5 
582	107.4 
581	107.2 
580	107.1 
579	107.0 
578	106.8 
577	106.7 
576	106.6 
575	106.5 
574	106.3 
573	106.2 
572	106.1 
571	106.0 
570	105.8 
569	105.7 
568	105.6 
567	105.5 
566	105.4 
565	105.2 
564	105.1 
563	105.0 
562	104.9 
561	104.8 
560	104.7 
559	104.6 
558	104.4 
557	104.3 
556	104.2 
555	104.1 
554	104.0 
553	103.9 
552	103.8 
551	103.7 
550	103.6 
549	103.5 
548	103.4 
547	103.3 
546	103.2 
545	103.0 
544	102.9 
543	102.8 
542	102.7 
541	102.6 
540	102.5 
539	102.4 
538	102.3 
537	102.2 
536	102.1 
535	102.1 
534	102.0 
533	101.9 
532	101.8 
531	101.7 
530	101.6 
529	101.5 
528	101.4 
527	101.3 
526	101.2 
525	101.1 
524	101.0 
523	100.9 
522	100.8 
521	100.8 
520	100.7 
519	100.6 
518	100.5 
517	100.4 
516	100.3 
515	100.2 
514	100.1 
513	100.1 
512	100.0 
511	99.9 
510	99.8 
509	99.7 
508	99.6 
507	99.6 
506	99.5 
505	99.4 
504	99.3 
503	99.2 
502	99.2 
501	99.1 
500	99.0 

