720	174.6 
719	173.4 
718	172.3 
717	171.1 
716	170.1 
715	169.0 
714	168.0 
713	167.1 
712	166.1 
711	165.2 
710	164.3 
709	163.4 
708	162.6 
707	161.8 
706	161.0 
705	160.2 
704	159.5 
703	158.7 
702	158.0 
701	157.3 
700	156.6 
699	155.9 
698	155.3 
697	154.6 
696	154.0 
695	153.4 
694	152.8 
693	152.2 
692	151.6 
691	151.1 
690	150.5 
689	150.0 
688	149.4 
687	148.9 
686	148.4 
685	147.9 
684	147.4 
683	146.9 
682	146.4 
681	146.0 
680	145.5 
679	145.0 
678	144.6 
677	144.1 
676	143.7 
675	143.3 
674	142.9 
673	142.4 
672	142.0 
671	141.6 
670	141.2 
669	140.8 
668	140.5 
667	140.1 
666	139.7 
665	139.3 
664	139.0 
663	138.6 
662	138.2 
661	137.9 
660	137.5 
659	137.2 
658	136.9 
657	136.5 
656	136.2 
655	135.9 
654	135.6 
653	135.2 
652	134.9 
651	134.6 
650	134.3 
649	134.0 
648	133.7 
647	133.4 
646	133.1 
645	132.8 
644	132.5 
643	132.2 
642	132.0 
641	131.7 
640	131.4 
639	131.1 
638	130.9 
637	130.6 
636	130.3 
635	130.1 
634	129.8 
633	129.6 
632	129.3 
631	129.1 
630	128.8 
629	128.6 
628	128.3 
627	128.1 
626	127.8 
625	127.6 
624	127.4 
623	127.1 
622	126.9 
621	126.7 
620	126.4 
619	126.2 
618	126.0 
617	125.8 
616	125.6 
615	125.3 
614	125.1 
613	124.9 
612	124.7 
611	124.5 
610	124.3 
609	124.1 
608	123.9 
607	123.7 
606	123.5 
605	123.3 
604	123.1 
603	122.9 
602	122.7 
601	122.5 
600	122.3 
599	122.1 
598	121.9 
597	121.7 
596	121.5 
595	121.3 
594	121.2 
593	121.0 
592	120.8 
591	120.6 
590	120.4 
589	120.3 
588	120.1 
587	119.9 
586	119.7 
585	119.6 
584	119.4 
583	119.2 
582	119.1 
581	118.9 
580	118.7 
579	118.6 
578	118.4 
577	118.2 
576	118.1 
575	117.9 
574	117.7 
573	117.6 
572	117.4 
571	117.3 
570	117.1 
569	117.0 
568	116.8 
567	116.7 
566	116.5 
565	116.3 
564	116.2 
563	116.0 
562	115.9 
561	115.8 
560	115.6 
559	115.5 
558	115.3 
557	115.2 
556	115.0 
555	114.9 
554	114.7 
553	114.6 
552	114.5 
551	114.3 
550	114.2 
549	114.1 
548	113.9 
547	113.8 
546	113.6 
545	113.5 
544	113.4 
543	113.2 
542	113.1 
541	113.0 
540	112.8 
539	112.7 
538	112.6 
537	112.5 
536	112.3 
535	112.2 
534	112.1 
533	112.0 
532	111.8 
531	111.7 
530	111.6 
529	111.5 
528	111.3 
527	111.2 
526	111.1 
525	111.0 
524	110.9 
523	110.7 
522	110.6 
521	110.5 
520	110.4 
519	110.3 
518	110.1 
517	110.0 
516	109.9 
515	109.8 
514	109.7 
513	109.6 
512	109.5 
511	109.3 
510	109.2 
509	109.1 
508	109.0 
507	108.9 
506	108.8 
505	108.7 
504	108.6 
503	108.5 
502	108.4 
501	108.3 
500	108.1 

