720	185.3 
719	184.0 
718	182.8 
717	181.7 
716	180.6 
715	179.5 
714	178.4 
713	177.4 
712	176.4 
711	175.4 
710	174.5 
709	173.5 
708	172.6 
707	171.8 
706	170.9 
705	170.1 
704	169.3 
703	168.5 
702	167.7 
701	166.9 
700	166.2 
699	165.5 
698	164.7 
697	164.0 
696	163.3 
695	162.7 
694	162.0 
693	161.4 
692	160.7 
691	160.1 
690	159.5 
689	158.9 
688	158.3 
687	157.7 
686	157.1 
685	156.6 
684	156.0 
683	155.5 
682	154.9 
681	154.4 
680	153.9 
679	153.4 
678	152.8 
677	152.3 
676	151.9 
675	151.4 
674	150.9 
673	150.4 
672	150.0 
671	149.5 
670	149.0 
669	148.6 
668	148.2 
667	147.7 
666	147.3 
665	146.9 
664	146.4 
663	146.0 
662	145.6 
661	145.2 
660	144.8 
659	144.4 
658	144.0 
657	143.6 
656	143.3 
655	142.9 
654	142.5 
653	142.1 
652	141.8 
651	141.4 
650	141.0 
649	140.7 
648	140.3 
647	140.0 
646	139.6 
645	139.3 
644	139.0 
643	138.6 
642	138.3 
641	138.0 
640	137.7 
639	137.3 
638	137.0 
637	136.7 
636	136.4 
635	136.1 
634	135.8 
633	135.5 
632	135.2 
631	134.9 
630	134.6 
629	134.3 
628	134.0 
627	133.7 
626	133.4 
625	133.1 
624	132.9 
623	132.6 
622	132.3 
621	132.0 
620	131.8 
619	131.5 
618	131.2 
617	131.0 
616	130.7 
615	130.4 
614	130.2 
613	129.9 
612	129.7 
611	129.4 
610	129.2 
609	128.9 
608	128.7 
607	128.4 
606	128.2 
605	127.9 
604	127.7 
603	127.4 
602	127.2 
601	127.0 
600	126.7 
599	126.5 
598	126.3 
597	126.0 
596	125.8 
595	125.6 
594	125.4 
593	125.1 
592	124.9 
591	124.7 
590	124.5 
589	124.3 
588	124.1 
587	123.8 
586	123.6 
585	123.4 
584	123.2 
583	123.0 
582	122.8 
581	122.6 
580	122.4 
579	122.2 
578	122.0 
577	121.8 
576	121.6 
575	121.4 
574	121.2 
573	121.0 
572	120.8 
571	120.6 
570	120.4 
569	120.2 
568	120.0 
567	119.8 
566	119.6 
565	119.4 
564	119.3 
563	119.1 
562	118.9 
561	118.7 
560	118.5 
559	118.3 
558	118.2 
557	118.0 
556	117.8 
555	117.6 
554	117.5 
553	117.3 
552	117.1 
551	116.9 
550	116.8 
549	116.6 
548	116.4 
547	116.2 
546	116.1 
545	115.9 
544	115.7 
543	115.6 
542	115.4 
541	115.2 
540	115.1 
539	114.9 
538	114.8 
537	114.6 
536	114.4 
535	114.3 
534	114.1 
533	114.0 
532	113.8 
531	113.6 
530	113.5 
529	113.3 
528	113.2 
527	113.0 
526	112.9 
525	112.7 
524	112.6 
523	112.4 
522	112.3 
521	112.1 
520	112.0 
519	111.8 
518	111.7 
517	111.5 
516	111.4 
515	111.2 
514	111.1 
513	110.9 
512	110.8 
511	110.7 
510	110.5 
509	110.4 
508	110.2 
507	110.1 
506	109.9 
505	109.8 
504	109.7 
503	109.5 
502	109.4 
501	109.3 
500	109.1 

