720	193.1 
719	191.8 
718	190.5 
717	189.3 
716	188.1 
715	186.9 
714	185.8 
713	184.7 
712	183.7 
711	182.6 
710	181.6 
709	180.6 
708	179.7 
707	178.8 
706	177.8 
705	177.0 
704	176.1 
703	175.2 
702	174.4 
701	173.6 
700	172.8 
699	172.0 
698	171.3 
697	170.5 
696	169.8 
695	169.1 
694	168.4 
693	167.7 
692	167.0 
691	166.3 
690	165.7 
689	165.0 
688	164.4 
687	163.8 
686	163.2 
685	162.6 
684	162.0 
683	161.4 
682	160.8 
681	160.3 
680	159.7 
679	159.2 
678	158.6 
677	158.1 
676	157.6 
675	157.0 
674	156.5 
673	156.0 
672	155.5 
671	155.0 
670	154.6 
669	154.1 
668	153.6 
667	153.2 
666	152.7 
665	152.2 
664	151.8 
663	151.4 
662	150.9 
661	150.5 
660	150.1 
659	149.6 
658	149.2 
657	148.8 
656	148.4 
655	148.0 
654	147.6 
653	147.2 
652	146.8 
651	146.4 
650	146.1 
649	145.7 
648	145.3 
647	144.9 
646	144.6 
645	144.2 
644	143.8 
643	143.5 
642	143.1 
641	142.8 
640	142.4 
639	142.1 
638	141.8 
637	141.4 
636	141.1 
635	140.8 
634	140.4 
633	140.1 
632	139.8 
631	139.5 
630	139.2 
629	138.9 
628	138.5 
627	138.2 
626	137.9 
625	137.6 
624	137.3 
623	137.0 
622	136.7 
621	136.5 
620	136.2 
619	135.9 
618	135.6 
617	135.3 
616	135.0 
615	134.8 
614	134.5 
613	134.2 
612	133.9 
611	133.7 
610	133.4 
609	133.1 
608	132.9 
607	132.6 
606	132.3 
605	132.1 
604	131.8 
603	131.6 
602	131.3 
601	131.1 
600	130.8 
599	130.6 
598	130.3 
597	130.1 
596	129.8 
595	129.6 
594	129.4 
593	129.1 
592	128.9 
591	128.7 
590	128.4 
589	128.2 
588	128.0 
587	127.7 
586	127.5 
585	127.3 
584	127.1 
583	126.8 
582	126.6 
581	126.4 
580	126.2 
579	126.0 
578	125.8 
577	125.5 
576	125.3 
575	125.1 
574	124.9 
573	124.7 
572	124.5 
571	124.3 
570	124.1 
569	123.9 
568	123.7 
567	123.5 
566	123.3 
565	123.1 
564	122.9 
563	122.7 
562	122.5 
561	122.3 
560	122.1 
559	121.9 
558	121.7 
557	121.5 
556	121.3 
555	121.1 
554	120.9 
553	120.8 
552	120.6 
551	120.4 
550	120.2 
549	120.0 
548	119.8 
547	119.7 
546	119.5 
545	119.3 
544	119.1 
543	118.9 
542	118.8 
541	118.6 
540	118.4 
539	118.2 
538	118.1 
537	117.9 
536	117.7 
535	117.6 
534	117.4 
533	117.2 
532	117.1 
531	116.9 
530	116.7 
529	116.6 
528	116.4 
527	116.2 
526	116.1 
525	115.9 
524	115.7 
523	115.6 
522	115.4 
521	115.3 
520	115.1 
519	114.9 
518	114.8 
517	114.6 
516	114.5 
515	114.3 
514	114.2 
513	114.0 
512	113.9 
511	113.7 
510	113.6 
509	113.4 
508	113.3 
507	113.1 
506	113.0 
505	112.8 
504	112.7 
503	112.5 
502	112.4 
501	112.2 
500	112.1 

