720	181.6 
719	180.4 
718	179.3 
717	178.2 
716	177.1 
715	176.1 
714	175.1 
713	174.1 
712	173.2 
711	172.3 
710	171.4 
709	170.5 
708	169.7 
707	168.9 
706	168.1 
705	167.3 
704	166.5 
703	165.7 
702	165.0 
701	164.3 
700	163.6 
699	162.9 
698	162.2 
697	161.6 
696	160.9 
695	160.3 
694	159.7 
693	159.1 
692	158.5 
691	157.9 
690	157.3 
689	156.7 
688	156.2 
687	155.6 
686	155.1 
685	154.5 
684	154.0 
683	153.5 
682	153.0 
681	152.5 
680	152.0 
679	151.5 
678	151.0 
677	150.6 
676	150.1 
675	149.6 
674	149.2 
673	148.7 
672	148.3 
671	147.9 
670	147.4 
669	147.0 
668	146.6 
667	146.2 
666	145.8 
665	145.4 
664	145.0 
663	144.6 
662	144.2 
661	143.8 
660	143.4 
659	143.1 
658	142.7 
657	142.3 
656	142.0 
655	141.6 
654	141.3 
653	140.9 
652	140.6 
651	140.2 
650	139.9 
649	139.6 
648	139.2 
647	138.9 
646	138.6 
645	138.3 
644	137.9 
643	137.6 
642	137.3 
641	137.0 
640	136.7 
639	136.4 
638	136.1 
637	135.8 
636	135.5 
635	135.2 
634	134.9 
633	134.6 
632	134.4 
631	134.1 
630	133.8 
629	133.5 
628	133.3 
627	133.0 
626	132.7 
625	132.4 
624	132.2 
623	131.9 
622	131.7 
621	131.4 
620	131.1 
619	130.9 
618	130.6 
617	130.4 
616	130.1 
615	129.9 
614	129.7 
613	129.4 
612	129.2 
611	128.9 
610	128.7 
609	128.5 
608	128.2 
607	128.0 
606	127.8 
605	127.5 
604	127.3 
603	127.1 
602	126.9 
601	126.6 
600	126.4 
599	126.2 
598	126.0 
597	125.8 
596	125.6 
595	125.3 
594	125.1 
593	124.9 
592	124.7 
591	124.5 
590	124.3 
589	124.1 
588	123.9 
587	123.7 
586	123.5 
585	123.3 
584	123.1 
583	122.9 
582	122.7 
581	122.5 
580	122.3 
579	122.1 
578	121.9 
577	121.7 
576	121.6 
575	121.4 
574	121.2 
573	121.0 
572	120.8 
571	120.6 
570	120.4 
569	120.3 
568	120.1 
567	119.9 
566	119.7 
565	119.6 
564	119.4 
563	119.2 
562	119.0 
561	118.9 
560	118.7 
559	118.5 
558	118.3 
557	118.2 
556	118.0 
555	117.8 
554	117.7 
553	117.5 
552	117.3 
551	117.2 
550	117.0 
549	116.9 
548	116.7 
547	116.5 
546	116.4 
545	116.2 
544	116.1 
543	115.9 
542	115.7 
541	115.6 
540	115.4 
539	115.3 
538	115.1 
537	115.0 
536	114.8 
535	114.7 
534	114.5 
533	114.4 
532	114.2 
531	114.1 
530	113.9 
529	113.8 
528	113.6 
527	113.5 
526	113.4 
525	113.2 
524	113.1 
523	112.9 
522	112.8 
521	112.6 
520	112.5 
519	112.4 
518	112.2 
517	112.1 
516	111.9 
515	111.8 
514	111.7 
513	111.5 
512	111.4 
511	111.3 
510	111.1 
509	111.0 
508	110.9 
507	110.7 
506	110.6 
505	110.5 
504	110.3 
503	110.2 
502	110.1 
501	109.9 
500	109.8 

