720	167.8 
719	167.0 
718	166.2 
717	165.5 
716	164.8 
715	164.1 
714	163.4 
713	162.7 
712	162.1 
711	161.5 
710	160.8 
709	160.2 
708	159.6 
707	159.1 
706	158.5 
705	157.9 
704	157.4 
703	156.9 
702	156.3 
701	155.8 
700	155.3 
699	154.8 
698	154.3 
697	153.9 
696	153.4 
695	152.9 
694	152.5 
693	152.0 
692	151.6 
691	151.1 
690	150.7 
689	150.3 
688	149.9 
687	149.5 
686	149.1 
685	148.7 
684	148.3 
683	147.9 
682	147.5 
681	147.1 
680	146.8 
679	146.4 
678	146.0 
677	145.7 
676	145.3 
675	145.0 
674	144.6 
673	144.3 
672	143.9 
671	143.6 
670	143.3 
669	143.0 
668	142.6 
667	142.3 
666	142.0 
665	141.7 
664	141.4 
663	141.1 
662	140.8 
661	140.5 
660	140.2 
659	139.9 
658	139.6 
657	139.3 
656	139.0 
655	138.7 
654	138.5 
653	138.2 
652	137.9 
651	137.6 
650	137.4 
649	137.1 
648	136.8 
647	136.6 
646	136.3 
645	136.1 
644	135.8 
643	135.5 
642	135.3 
641	135.0 
640	134.8 
639	134.6 
638	134.3 
637	134.1 
636	133.8 
635	133.6 
634	133.4 
633	133.1 
632	132.9 
631	132.7 
630	132.4 
629	132.2 
628	132.0 
627	131.8 
626	131.5 
625	131.3 
624	131.1 
623	130.9 
622	130.7 
621	130.4 
620	130.2 
619	130.0 
618	129.8 
617	129.6 
616	129.4 
615	129.2 
614	129.0 
613	128.8 
612	128.6 
611	128.4 
610	128.2 
609	128.0 
608	127.8 
607	127.6 
606	127.4 
605	127.2 
604	127.0 
603	126.8 
602	126.6 
601	126.5 
600	126.3 
599	126.1 
598	125.9 
597	125.7 
596	125.5 
595	125.4 
594	125.2 
593	125.0 
592	124.8 
591	124.6 
590	124.5 
589	124.3 
588	124.1 
587	123.9 
586	123.8 
585	123.6 
584	123.4 
583	123.3 
582	123.1 
581	122.9 
580	122.8 
579	122.6 
578	122.4 
577	122.3 
576	122.1 
575	121.9 
574	121.8 
573	121.6 
572	121.4 
571	121.3 
570	121.1 
569	121.0 
568	120.8 
567	120.7 
566	120.5 
565	120.3 
564	120.2 
563	120.0 
562	119.9 
561	119.7 
560	119.6 
559	119.4 
558	119.3 
557	119.1 
556	119.0 
555	118.8 
554	118.7 
553	118.6 
552	118.4 
551	118.3 
550	118.1 
549	118.0 
548	117.8 
547	117.7 
546	117.5 
545	117.4 
544	117.3 
543	117.1 
542	117.0 
541	116.9 
540	116.7 
539	116.6 
538	116.4 
537	116.3 
536	116.2 
535	116.0 
534	115.9 
533	115.8 
532	115.6 
531	115.5 
530	115.4 
529	115.2 
528	115.1 
527	115.0 
526	114.8 
525	114.7 
524	114.6 
523	114.5 
522	114.3 
521	114.2 
520	114.1 
519	113.9 
518	113.8 
517	113.7 
516	113.6 
515	113.4 
514	113.3 
513	113.2 
512	113.1 
511	113.0 
510	112.8 
509	112.7 
508	112.6 
507	112.5 
506	112.3 
505	112.2 
504	112.1 
503	112.0 
502	111.9 
501	111.8 
500	111.6 

