720	176.1 
719	175.0 
718	173.8 
717	172.7 
716	171.7 
715	170.6 
714	169.7 
713	168.7 
712	167.8 
711	166.9 
710	166.0 
709	165.1 
708	164.3 
707	163.5 
706	162.7 
705	161.9 
704	161.2 
703	160.5 
702	159.8 
701	159.1 
700	158.4 
699	157.7 
698	157.1 
697	156.5 
696	155.8 
695	155.2 
694	154.6 
693	154.1 
692	153.5 
691	152.9 
690	152.4 
689	151.8 
688	151.3 
687	150.8 
686	150.3 
685	149.8 
684	149.3 
683	148.8 
682	148.3 
681	147.9 
680	147.4 
679	147.0 
678	146.5 
677	146.1 
676	145.7 
675	145.2 
674	144.8 
673	144.4 
672	144.0 
671	143.6 
670	143.2 
669	142.8 
668	142.4 
667	142.1 
666	141.7 
665	141.3 
664	141.0 
663	140.6 
662	140.3 
661	139.9 
660	139.6 
659	139.2 
658	138.9 
657	138.6 
656	138.2 
655	137.9 
654	137.6 
653	137.3 
652	137.0 
651	136.7 
650	136.4 
649	136.1 
648	135.8 
647	135.5 
646	135.2 
645	134.9 
644	134.6 
643	134.3 
642	134.1 
641	133.8 
640	133.5 
639	133.3 
638	133.0 
637	132.7 
636	132.5 
635	132.2 
634	131.9 
633	131.7 
632	131.4 
631	131.2 
630	131.0 
629	130.7 
628	130.5 
627	130.2 
626	130.0 
625	129.8 
624	129.5 
623	129.3 
622	129.1 
621	128.8 
620	128.6 
619	128.4 
618	128.2 
617	128.0 
616	127.7 
615	127.5 
614	127.3 
613	127.1 
612	126.9 
611	126.7 
610	126.5 
609	126.3 
608	126.1 
607	125.9 
606	125.7 
605	125.5 
604	125.3 
603	125.1 
602	124.9 
601	124.7 
600	124.5 
599	124.3 
598	124.1 
597	124.0 
596	123.8 
595	123.6 
594	123.4 
593	123.2 
592	123.0 
591	122.9 
590	122.7 
589	122.5 
588	122.3 
587	122.2 
586	122.0 
585	121.8 
584	121.7 
583	121.5 
582	121.3 
581	121.2 
580	121.0 
579	120.8 
578	120.7 
577	120.5 
576	120.4 
575	120.2 
574	120.0 
573	119.9 
572	119.7 
571	119.6 
570	119.4 
569	119.3 
568	119.1 
567	119.0 
566	118.8 
565	118.7 
564	118.5 
563	118.4 
562	118.2 
561	118.1 
560	117.9 
559	117.8 
558	117.6 
557	117.5 
556	117.4 
555	117.2 
554	117.1 
553	116.9 
552	116.8 
551	116.7 
550	116.5 
549	116.4 
548	116.3 
547	116.1 
546	116.0 
545	115.9 
544	115.7 
543	115.6 
542	115.5 
541	115.3 
540	115.2 
539	115.1 
538	115.0 
537	114.8 
536	114.7 
535	114.6 
534	114.5 
533	114.3 
532	114.2 
531	114.1 
530	114.0 
529	113.8 
528	113.7 
527	113.6 
526	113.5 
525	113.4 
524	113.2 
523	113.1 
522	113.0 
521	112.9 
520	112.8 
519	112.7 
518	112.5 
517	112.4 
516	112.3 
515	112.2 
514	112.1 
513	112.0 
512	111.9 
511	111.8 
510	111.6 
509	111.5 
508	111.4 
507	111.3 
506	111.2 
505	111.1 
504	111.0 
503	110.9 
502	110.8 
501	110.7 
500	110.6 

