720	175.7 
719	174.7 
718	173.7 
717	172.7 
716	171.8 
715	170.9 
714	170.0 
713	169.2 
712	168.3 
711	167.5 
710	166.7 
709	166.0 
708	165.2 
707	164.5 
706	163.8 
705	163.1 
704	162.4 
703	161.7 
702	161.1 
701	160.4 
700	159.8 
699	159.2 
698	158.6 
697	158.0 
696	157.4 
695	156.8 
694	156.3 
693	155.7 
692	155.2 
691	154.7 
690	154.1 
689	153.6 
688	153.1 
687	152.6 
686	152.1 
685	151.7 
684	151.2 
683	150.7 
682	150.3 
681	149.8 
680	149.4 
679	148.9 
678	148.5 
677	148.1 
676	147.7 
675	147.2 
674	146.8 
673	146.4 
672	146.0 
671	145.6 
670	145.3 
669	144.9 
668	144.5 
667	144.1 
666	143.8 
665	143.4 
664	143.0 
663	142.7 
662	142.3 
661	142.0 
660	141.6 
659	141.3 
658	141.0 
657	140.6 
656	140.3 
655	140.0 
654	139.7 
653	139.3 
652	139.0 
651	138.7 
650	138.4 
649	138.1 
648	137.8 
647	137.5 
646	137.2 
645	136.9 
644	136.6 
643	136.3 
642	136.0 
641	135.8 
640	135.5 
639	135.2 
638	134.9 
637	134.7 
636	134.4 
635	134.1 
634	133.9 
633	133.6 
632	133.3 
631	133.1 
630	132.8 
629	132.6 
628	132.3 
627	132.1 
626	131.8 
625	131.6 
624	131.3 
623	131.1 
622	130.9 
621	130.6 
620	130.4 
619	130.2 
618	129.9 
617	129.7 
616	129.5 
615	129.2 
614	129.0 
613	128.8 
612	128.6 
611	128.3 
610	128.1 
609	127.9 
608	127.7 
607	127.5 
606	127.3 
605	127.1 
604	126.9 
603	126.6 
602	126.4 
601	126.2 
600	126.0 
599	125.8 
598	125.6 
597	125.4 
596	125.2 
595	125.0 
594	124.8 
593	124.6 
592	124.5 
591	124.3 
590	124.1 
589	123.9 
588	123.7 
587	123.5 
586	123.3 
585	123.1 
584	123.0 
583	122.8 
582	122.6 
581	122.4 
580	122.2 
579	122.1 
578	121.9 
577	121.7 
576	121.5 
575	121.4 
574	121.2 
573	121.0 
572	120.8 
571	120.7 
570	120.5 
569	120.3 
568	120.2 
567	120.0 
566	119.8 
565	119.7 
564	119.5 
563	119.3 
562	119.2 
561	119.0 
560	118.9 
559	118.7 
558	118.5 
557	118.4 
556	118.2 
555	118.1 
554	117.9 
553	117.8 
552	117.6 
551	117.5 
550	117.3 
549	117.2 
548	117.0 
547	116.9 
546	116.7 
545	116.6 
544	116.4 
543	116.3 
542	116.1 
541	116.0 
540	115.8 
539	115.7 
538	115.6 
537	115.4 
536	115.3 
535	115.1 
534	115.0 
533	114.9 
532	114.7 
531	114.6 
530	114.4 
529	114.3 
528	114.2 
527	114.0 
526	113.9 
525	113.8 
524	113.6 
523	113.5 
522	113.4 
521	113.2 
520	113.1 
519	113.0 
518	112.8 
517	112.7 
516	112.6 
515	112.4 
514	112.3 
513	112.2 
512	112.1 
511	111.9 
510	111.8 
509	111.7 
508	111.6 
507	111.4 
506	111.3 
505	111.2 
504	111.1 
503	111.0 
502	110.8 
501	110.7 
500	110.6 

