720	174.5 
719	173.4 
718	172.3 
717	171.2 
716	170.2 
715	169.2 
714	168.2 
713	167.3 
712	166.3 
711	165.5 
710	164.6 
709	163.8 
708	162.9 
707	162.2 
706	161.4 
705	160.6 
704	159.9 
703	159.2 
702	158.5 
701	157.8 
700	157.1 
699	156.5 
698	155.8 
697	155.2 
696	154.6 
695	154.0 
694	153.4 
693	152.8 
692	152.2 
691	151.7 
690	151.1 
689	150.6 
688	150.0 
687	149.5 
686	149.0 
685	148.5 
684	148.0 
683	147.5 
682	147.1 
681	146.6 
680	146.1 
679	145.7 
678	145.2 
677	144.8 
676	144.4 
675	143.9 
674	143.5 
673	143.1 
672	142.7 
671	142.3 
670	141.9 
669	141.5 
668	141.1 
667	140.7 
666	140.3 
665	140.0 
664	139.6 
663	139.2 
662	138.9 
661	138.5 
660	138.2 
659	137.8 
658	137.5 
657	137.1 
656	136.8 
655	136.5 
654	136.2 
653	135.8 
652	135.5 
651	135.2 
650	134.9 
649	134.6 
648	134.3 
647	134.0 
646	133.7 
645	133.4 
644	133.1 
643	132.8 
642	132.5 
641	132.2 
640	132.0 
639	131.7 
638	131.4 
637	131.1 
636	130.9 
635	130.6 
634	130.3 
633	130.1 
632	129.8 
631	129.6 
630	129.3 
629	129.0 
628	128.8 
627	128.5 
626	128.3 
625	128.1 
624	127.8 
623	127.6 
622	127.3 
621	127.1 
620	126.9 
619	126.6 
618	126.4 
617	126.2 
616	126.0 
615	125.7 
614	125.5 
613	125.3 
612	125.1 
611	124.9 
610	124.6 
609	124.4 
608	124.2 
607	124.0 
606	123.8 
605	123.6 
604	123.4 
603	123.2 
602	123.0 
601	122.8 
600	122.6 
599	122.4 
598	122.2 
597	122.0 
596	121.8 
595	121.6 
594	121.4 
593	121.2 
592	121.0 
591	120.9 
590	120.7 
589	120.5 
588	120.3 
587	120.1 
586	119.9 
585	119.8 
584	119.6 
583	119.4 
582	119.2 
581	119.1 
580	118.9 
579	118.7 
578	118.5 
577	118.4 
576	118.2 
575	118.0 
574	117.9 
573	117.7 
572	117.5 
571	117.4 
570	117.2 
569	117.1 
568	116.9 
567	116.7 
566	116.6 
565	116.4 
564	116.3 
563	116.1 
562	116.0 
561	115.8 
560	115.6 
559	115.5 
558	115.3 
557	115.2 
556	115.0 
555	114.9 
554	114.7 
553	114.6 
552	114.4 
551	114.3 
550	114.2 
549	114.0 
548	113.9 
547	113.7 
546	113.6 
545	113.4 
544	113.3 
543	113.2 
542	113.0 
541	112.9 
540	112.8 
539	112.6 
538	112.5 
537	112.3 
536	112.2 
535	112.1 
534	111.9 
533	111.8 
532	111.7 
531	111.5 
530	111.4 
529	111.3 
528	111.2 
527	111.0 
526	110.9 
525	110.8 
524	110.7 
523	110.5 
522	110.4 
521	110.3 
520	110.2 
519	110.0 
518	109.9 
517	109.8 
516	109.7 
515	109.5 
514	109.4 
513	109.3 
512	109.2 
511	109.1 
510	108.9 
509	108.8 
508	108.7 
507	108.6 
506	108.5 
505	108.4 
504	108.2 
503	108.1 
502	108.0 
501	107.9 
500	107.8 

