720	177.7 
719	176.4 
718	175.1 
717	173.9 
716	172.8 
715	171.7 
714	170.6 
713	169.5 
712	168.5 
711	167.5 
710	166.6 
709	165.7 
708	164.8 
707	163.9 
706	163.0 
705	162.2 
704	161.4 
703	160.6 
702	159.9 
701	159.1 
700	158.4 
699	157.7 
698	157.0 
697	156.3 
696	155.7 
695	155.0 
694	154.4 
693	153.8 
692	153.2 
691	152.6 
690	152.0 
689	151.4 
688	150.8 
687	150.3 
686	149.8 
685	149.2 
684	148.7 
683	148.2 
682	147.7 
681	147.2 
680	146.7 
679	146.3 
678	145.8 
677	145.3 
676	144.9 
675	144.4 
674	144.0 
673	143.6 
672	143.1 
671	142.7 
670	142.3 
669	141.9 
668	141.5 
667	141.1 
666	140.7 
665	140.3 
664	140.0 
663	139.6 
662	139.2 
661	138.9 
660	138.5 
659	138.2 
658	137.8 
657	137.5 
656	137.1 
655	136.8 
654	136.5 
653	136.1 
652	135.8 
651	135.5 
650	135.2 
649	134.9 
648	134.6 
647	134.3 
646	134.0 
645	133.7 
644	133.4 
643	133.1 
642	132.8 
641	132.5 
640	132.2 
639	132.0 
638	131.7 
637	131.4 
636	131.2 
635	130.9 
634	130.6 
633	130.4 
632	130.1 
631	129.9 
630	129.6 
629	129.4 
628	129.1 
627	128.9 
626	128.6 
625	128.4 
624	128.1 
623	127.9 
622	127.7 
621	127.4 
620	127.2 
619	127.0 
618	126.8 
617	126.5 
616	126.3 
615	126.1 
614	125.9 
613	125.7 
612	125.5 
611	125.2 
610	125.0 
609	124.8 
608	124.6 
607	124.4 
606	124.2 
605	124.0 
604	123.8 
603	123.6 
602	123.4 
601	123.2 
600	123.0 
599	122.8 
598	122.7 
597	122.5 
596	122.3 
595	122.1 
594	121.9 
593	121.7 
592	121.6 
591	121.4 
590	121.2 
589	121.0 
588	120.8 
587	120.7 
586	120.5 
585	120.3 
584	120.2 
583	120.0 
582	119.8 
581	119.6 
580	119.5 
579	119.3 
578	119.2 
577	119.0 
576	118.8 
575	118.7 
574	118.5 
573	118.4 
572	118.2 
571	118.0 
570	117.9 
569	117.7 
568	117.6 
567	117.4 
566	117.3 
565	117.1 
564	117.0 
563	116.8 
562	116.7 
561	116.5 
560	116.4 
559	116.3 
558	116.1 
557	116.0 
556	115.8 
555	115.7 
554	115.5 
553	115.4 
552	115.3 
551	115.1 
550	115.0 
549	114.9 
548	114.7 
547	114.6 
546	114.5 
545	114.3 
544	114.2 
543	114.1 
542	113.9 
541	113.8 
540	113.7 
539	113.5 
538	113.4 
537	113.3 
536	113.2 
535	113.0 
534	112.9 
533	112.8 
532	112.7 
531	112.6 
530	112.4 
529	112.3 
528	112.2 
527	112.1 
526	111.9 
525	111.8 
524	111.7 
523	111.6 
522	111.5 
521	111.4 
520	111.2 
519	111.1 
518	111.0 
517	110.9 
516	110.8 
515	110.7 
514	110.6 
513	110.5 
512	110.3 
511	110.2 
510	110.1 
509	110.0 
508	109.9 
507	109.8 
506	109.7 
505	109.6 
504	109.5 
503	109.4 
502	109.3 
501	109.2 
500	109.1 

