720	177.8 
719	176.6 
718	175.4 
717	174.3 
716	173.2 
715	172.2 
714	171.1 
713	170.2 
712	169.2 
711	168.3 
710	167.4 
709	166.5 
708	165.6 
707	164.8 
706	164.0 
705	163.2 
704	162.4 
703	161.7 
702	160.9 
701	160.2 
700	159.5 
699	158.8 
698	158.1 
697	157.5 
696	156.8 
695	156.2 
694	155.6 
693	155.0 
692	154.4 
691	153.8 
690	153.2 
689	152.6 
688	152.1 
687	151.5 
686	151.0 
685	150.5 
684	149.9 
683	149.4 
682	148.9 
681	148.4 
680	148.0 
679	147.5 
678	147.0 
677	146.5 
676	146.1 
675	145.6 
674	145.2 
673	144.8 
672	144.3 
671	143.9 
670	143.5 
669	143.1 
668	142.7 
667	142.3 
666	141.9 
665	141.5 
664	141.1 
663	140.7 
662	140.3 
661	139.9 
660	139.6 
659	139.2 
658	138.9 
657	138.5 
656	138.2 
655	137.8 
654	137.5 
653	137.1 
652	136.8 
651	136.5 
650	136.1 
649	135.8 
648	135.5 
647	135.2 
646	134.9 
645	134.5 
644	134.2 
643	133.9 
642	133.6 
641	133.3 
640	133.0 
639	132.8 
638	132.5 
637	132.2 
636	131.9 
635	131.6 
634	131.3 
633	131.1 
632	130.8 
631	130.5 
630	130.3 
629	130.0 
628	129.7 
627	129.5 
626	129.2 
625	129.0 
624	128.7 
623	128.4 
622	128.2 
621	128.0 
620	127.7 
619	127.5 
618	127.2 
617	127.0 
616	126.7 
615	126.5 
614	126.3 
613	126.0 
612	125.8 
611	125.6 
610	125.4 
609	125.1 
608	124.9 
607	124.7 
606	124.5 
605	124.3 
604	124.0 
603	123.8 
602	123.6 
601	123.4 
600	123.2 
599	123.0 
598	122.8 
597	122.6 
596	122.4 
595	122.2 
594	122.0 
593	121.8 
592	121.6 
591	121.4 
590	121.2 
589	121.0 
588	120.8 
587	120.6 
586	120.4 
585	120.2 
584	120.0 
583	119.9 
582	119.7 
581	119.5 
580	119.3 
579	119.1 
578	119.0 
577	118.8 
576	118.6 
575	118.4 
574	118.2 
573	118.1 
572	117.9 
571	117.7 
570	117.6 
569	117.4 
568	117.2 
567	117.0 
566	116.9 
565	116.7 
564	116.5 
563	116.4 
562	116.2 
561	116.1 
560	115.9 
559	115.7 
558	115.6 
557	115.4 
556	115.3 
555	115.1 
554	115.0 
553	114.8 
552	114.6 
551	114.5 
550	114.3 
549	114.2 
548	114.0 
547	113.9 
546	113.7 
545	113.6 
544	113.4 
543	113.3 
542	113.1 
541	113.0 
540	112.9 
539	112.7 
538	112.6 
537	112.4 
536	112.3 
535	112.1 
534	112.0 
533	111.9 
532	111.7 
531	111.6 
530	111.5 
529	111.3 
528	111.2 
527	111.0 
526	110.9 
525	110.8 
524	110.6 
523	110.5 
522	110.4 
521	110.3 
520	110.1 
519	110.0 
518	109.9 
517	109.7 
516	109.6 
515	109.5 
514	109.4 
513	109.2 
512	109.1 
511	109.0 
510	108.8 
509	108.7 
508	108.6 
507	108.5 
506	108.4 
505	108.2 
504	108.1 
503	108.0 
502	107.9 
501	107.8 
500	107.6 

